//Demo7(各个方面的满意度)数据结构
export interface satisfactionPartStruct {
    [category: string]: {
        labels: string[];
        values: number[];
    };
}

export const satisfactionPartData: satisfactionPartStruct = {
    "学习情况": { "labels": ["满意","较满意","一般","较不满意","不满意"], "values": [0,158,1659,7277,4732] },
    "思政课": { "labels": ["满意","较满意","一般","较不满意","不满意"], "values": [5344,6997,1038,406,41] },
    "专业课": { "labels": ["满意","较满意","一般","较不满意","不满意"], "values": [3639,7327,2511,331,18] },
    "体育教育": { "labels": ["满意","较满意","一般","较不满意","不满意"], "values": [4834,7905,922,0,165] },
    "美育教育": { "labels": ["满意","较满意","一般","较不满意","不满意"], "values": [4462,7685,1395,0,284] },
    "劳动教育": { "labels": ["满意","较满意","一般","较不满意","不满意"], "values": [4492,7865,1272,0,197] },
    "校园生活": { "labels": ["满意","较满意","一般","较不满意","不满意"], "values": [564,1734,3239,3724,4565] },
    "实习": { "labels": ["满意","较满意","一般","较不满意","不满意"], "values": [2986,8547,1123,1039,131] },
    "自我提升": { "labels": ["满意","较满意","一般","较不满意","不满意"], "values": [3248,8267,1863,425,23] },
    "老师教育": { "labels": ["满意","较满意","一般","较不满意","不满意"], "values": [4932,7639,1031,213,11] },
    "学校服务": { "labels": ["满意","较满意","一般","较不满意","不满意"], "values": [3732,7937,1658,455,44] },
    "学校基础条件": { "labels": ["满意","较满意","一般","较不满意","不满意"], "values": [3064,7296,2433,856,177] }
}

//Demo8(热力图)数据结构
export interface heatmapStruct {
    labels: string[];
    values: number[][];
}

export const heatmapData: heatmapStruct = {
    labels: [
        "学习情况", "思政课", "专业课", "体育教育",
        "美育教育", "劳动教育", "校园生活", "实习",
        "自我提升", "老师教育", "学校服务", "学校基础条件"
    ],
    matrix: [
        [1.0, 0.4844901771, 0.5340979198, 0.4167182697, 0.4215325046, 0.4277830906, 0.5037861518, 0.4844681834, 0.5557760627, 0.4273648390, 0.4925000958, 0.4791581188],
        [0.4844901771, 1.0, 0.7530734041, 0.6349561833, 0.5842628089, 0.6082580389, 0.3580444637, 0.6228033819, 0.6960766617, 0.7145814347, 0.7036766429, 0.6418378964],
        [0.5340979198, 0.7530734041, 1.0, 0.6308514283, 0.6071570935, 0.6157524782, 0.3916650084, 0.6631584290, 0.7525228554, 0.7207241802, 0.7199148493, 0.6411615098],
        [0.4167182697, 0.6349561833, 0.6308514283, 1.0, 0.6412119794, 0.6619125762, 0.3503136346, 0.5890044270, 0.6209926783, 0.5987434335, 0.6302529020, 0.5878253840],
        [0.4215325046, 0.5842628089, 0.6071570935, 0.6412119794, 1.0, 0.6967925926, 0.3737834951, 0.5825084104, 0.5943411143, 0.5370724447, 0.6042710653, 0.5643618940],
        [0.4277830906, 0.6082580389, 0.6157524782, 0.6619125762, 0.6967925926, 1.0, 0.3739030976, 0.6009056330, 0.6081673951, 0.5560002058, 0.6245654505, 0.5806812942],
        [0.5037861518, 0.3580444637, 0.3916650084, 0.3503136346, 0.3737834951, 0.3739030976, 1.0, 0.4134411370, 0.4434430732, 0.3511337278, 0.4138072543, 0.3831457543],
        [0.4844681834, 0.6228033819, 0.6631584290, 0.5890044270, 0.5825084104, 0.6009056330, 0.4134411370, 1.0, 0.7345115078, 0.6350139624, 0.7421731970, 0.6830609687],
        [0.5557760627, 0.6960766617, 0.7525228554, 0.6209926783, 0.5943411143, 0.6081673951, 0.4434430732, 0.7345115078, 1.0, 0.7603185636, 0.8179779377, 0.7206788602],
        [0.4273648390, 0.7145814347, 0.7207241802, 0.5987434335, 0.5370724447, 0.5560002058, 0.3511337278, 0.6350139624, 0.7603185636, 1.0, 0.8122599863, 0.6708466692],
        [0.4925000958, 0.7036766429, 0.7199148493, 0.6302529020, 0.6042710653, 0.6245654505, 0.4138072543, 0.7421731970, 0.8179779377, 0.8122599863, 1.0, 0.7803264202],
        [0.4791581188, 0.6418378964, 0.6411615098, 0.5878253840, 0.5643618940, 0.5806812942, 0.3831457543, 0.6830609687, 0.7206788602, 0.6708466692, 0.7803264202, 1.0]
    ]
}